1.35774e+08 0.629531
1.36774e+08 0.62906
1.37774e+08 0.628589
1.38774e+08 0.628118
1.39774e+08 0.627645
1.40774e+08 0.627171
1.41774e+08 0.626697
1.42774e+08 0.626221
1.43774e+08 0.625745
1.44774e+08 0.625268
1.45774e+08 0.62479
1.46774e+08 0.624311
1.47774e+08 0.623832
1.48774e+08 0.623351
1.49774e+08 0.622869
1.50774e+08 0.622387
1.51774e+08 0.621904
1.52774e+08 0.62142
1.53774e+08 0.620934
1.54774e+08 0.620448
1.55774e+08 0.619961
1.56774e+08 0.619474
1.57774e+08 0.618985
1.58774e+08 0.618495
1.59774e+08 0.618004
1.60774e+08 0.617513
1.61774e+08 0.61702
1.62774e+08 0.616527
1.63774e+08 0.616032
1.64774e+08 0.615537
1.65774e+08 0.615041
1.66774e+08 0.614543
1.67774e+08 0.614045
1.68774e+08 0.613546
1.69774e+08 0.613046
1.70774e+08 0.612544
1.71774e+08 0.612042
1.72774e+08 0.611539
1.73774e+08 0.611035
1.74774e+08 0.61053
1.75774e+08 0.610023
1.76774e+08 0.609516
1.77774e+08 0.609008
1.78774e+08 0.608499
1.79774e+08 0.607989
1.80774e+08 0.607477
1.81774e+08 0.606965
1.82774e+08 0.606451
1.83774e+08 0.605937
1.84774e+08 0.605422
1.85774e+08 0.604905
1.86774e+08 0.604387
1.87774e+08 0.603869
1.88774e+08 0.603349
1.89774e+08 0.602828
1.90774e+08 0.602306
1.91774e+08 0.601783
1.92774e+08 0.601259
1.93774e+08 0.600734
1.94774e+08 0.600208
1.95774e+08 0.59968
1.96774e+08 0.599152
1.97774e+08 0.598622
1.98774e+08 0.598091
1.99774e+08 0.597559
2.00774e+08 0.597026
2.01774e+08 0.596492
2.02774e+08 0.595957
2.03774e+08 0.59542
2.04774e+08 0.594883
2.05774e+08 0.594344
2.06774e+08 0.593804
2.07774e+08 0.593263
2.08774e+08 0.59272
2.09774e+08 0.592177
2.10774e+08 0.591632
2.11774e+08 0.591086
2.12774e+08 0.590539
2.13774e+08 0.58999
2.14774e+08 0.58944
2.15774e+08 0.58889
2.16774e+08 0.588337
2.17774e+08 0.587784
2.18774e+08 0.587229
2.19774e+08 0.586673
2.20774e+08 0.586116
2.21774e+08 0.585558
2.22774e+08 0.584998
2.23774e+08 0.584437
2.24774e+08 0.583875
2.25774e+08 0.583311
2.26774e+08 0.582746
2.27774e+08 0.58218
2.28774e+08 0.581612
2.29774e+08 0.581043
2.30774e+08 0.580473
2.31774e+08 0.579901
2.32774e+08 0.579328
2.33774e+08 0.578754
2.34774e+08 0.578178
2.35774e+08 0.577601
2.36774e+08 0.577023
2.37774e+08 0.576443
2.38774e+08 0.575862
2.39774e+08 0.575279
2.40774e+08 0.574695
2.41774e+08 0.574109
2.42774e+08 0.573522
2.43774e+08 0.572934
2.44774e+08 0.572344
2.45774e+08 0.571753
2.46774e+08 0.57116
2.47774e+08 0.570565
2.48774e+08 0.56997
2.49774e+08 0.569372
2.50774e+08 0.568774
2.51774e+08 0.568173
2.52774e+08 0.567571
2.53774e+08 0.566968
2.54774e+08 0.566363
2.55774e+08 0.565756
2.56774e+08 0.565148
2.57774e+08 0.564539
2.58774e+08 0.563928
2.59774e+08 0.563315
2.60774e+08 0.5627
2.61774e+08 0.562084
2.62774e+08 0.561467
2.63774e+08 0.560847
2.64774e+08 0.560226
2.65774e+08 0.559604
2.66774e+08 0.558979
2.67774e+08 0.558353
2.68774e+08 0.557726
2.69774e+08 0.557096
2.70774e+08 0.556465
2.71774e+08 0.555832
2.72774e+08 0.555198
2.73774e+08 0.554562
2.74774e+08 0.553924
2.75774e+08 0.553284
2.76774e+08 0.552642
2.77774e+08 0.551999
2.78774e+08 0.551353
2.79774e+08 0.550706
2.80774e+08 0.550058
2.81774e+08 0.549407
2.82774e+08 0.548754
2.83774e+08 0.5481
2.84774e+08 0.547444
2.85774e+08 0.546785
2.86774e+08 0.546125
2.87774e+08 0.545463
2.88774e+08 0.544799
2.89774e+08 0.544133
2.90774e+08 0.543465
2.91774e+08 0.542795
2.92774e+08 0.542124
2.93774e+08 0.54145
2.94774e+08 0.540774
2.95774e+08 0.540096
2.96774e+08 0.539416
2.97774e+08 0.538734
2.98774e+08 0.53805
2.99774e+08 0.537364
3.00774e+08 0.536675
3.01774e+08 0.535985
3.02774e+08 0.535292
3.03774e+08 0.534597
3.04774e+08 0.5339
3.05774e+08 0.533201
3.06774e+08 0.5325
3.07774e+08 0.531796
3.08774e+08 0.53109
3.09774e+08 0.530382
3.10774e+08 0.529672
3.11774e+08 0.528959
3.12774e+08 0.528244
3.13774e+08 0.527527
3.14774e+08 0.526807
3.15774e+08 0.526085
3.16774e+08 0.525361
3.17774e+08 0.524634
3.18774e+08 0.523905
3.19774e+08 0.523173
3.20774e+08 0.522439
3.21774e+08 0.521702
3.22774e+08 0.520963
3.23774e+08 0.520222
3.24774e+08 0.519477
3.25774e+08 0.51873
3.26774e+08 0.517981
3.27774e+08 0.517229
3.28774e+08 0.516474
3.29774e+08 0.515717
3.30774e+08 0.514957
3.31774e+08 0.514194
3.32774e+08 0.513429
3.33774e+08 0.512661
3.34774e+08 0.51189
3.35774e+08 0.511116
3.36774e+08 0.51034
3.37774e+08 0.50956
3.38774e+08 0.508778
3.39774e+08 0.507993
3.40774e+08 0.507204
3.41774e+08 0.506413
3.42774e+08 0.505619
3.43774e+08 0.504822
3.44774e+08 0.504022
3.45774e+08 0.503219
3.46774e+08 0.502413
3.47774e+08 0.501603
3.48774e+08 0.500791
3.49774e+08 0.499975
3.50774e+08 0.499156
3.51774e+08 0.498334
3.52774e+08 0.497509
3.53774e+08 0.49668
3.54774e+08 0.495848
3.55774e+08 0.495012
3.56774e+08 0.494174
3.57774e+08 0.493331
3.58774e+08 0.492486
3.59774e+08 0.491636
3.60774e+08 0.490784
3.61774e+08 0.489927
3.62774e+08 0.489067
3.63774e+08 0.488204
3.64774e+08 0.487336
3.65774e+08 0.486465
3.66774e+08 0.485591
3.67774e+08 0.484712
3.68774e+08 0.48383
3.69774e+08 0.482943
3.70774e+08 0.482053
3.71774e+08 0.481159
3.72774e+08 0.480261
3.73774e+08 0.479358
3.74774e+08 0.478452
3.75774e+08 0.477542
3.76774e+08 0.476627
3.77774e+08 0.475708
3.78774e+08 0.474785
3.79774e+08 0.473857
3.80774e+08 0.472925
3.81774e+08 0.471989
3.82774e+08 0.471048
3.83774e+08 0.470103
3.84774e+08 0.469153
3.85774e+08 0.468198
3.86774e+08 0.467239
3.87774e+08 0.466275
3.88774e+08 0.465306
3.89774e+08 0.464332
3.90774e+08 0.463354
3.91774e+08 0.46237
3.92774e+08 0.461382
3.93774e+08 0.460388
3.94774e+08 0.459389
3.95774e+08 0.458385
3.96774e+08 0.457375
3.97774e+08 0.45636
3.98774e+08 0.45534
3.99774e+08 0.454314
4.00774e+08 0.453283
4.01774e+08 0.452245
4.02774e+08 0.451203
4.03774e+08 0.450154
4.04774e+08 0.449099
4.05774e+08 0.448039
4.06774e+08 0.446972
4.07774e+08 0.445899
4.08774e+08 0.44482
4.09774e+08 0.443735
4.10774e+08 0.442643
4.11774e+08 0.441545
4.12774e+08 0.44044
4.13774e+08 0.439329
4.14774e+08 0.438211
4.15774e+08 0.437086
4.16774e+08 0.435953
4.17774e+08 0.434814
4.18774e+08 0.433668
4.19774e+08 0.432514
4.20774e+08 0.431353
4.21774e+08 0.430184
4.22774e+08 0.429007
4.23774e+08 0.427823
4.24774e+08 0.426631
4.25774e+08 0.425431
4.26774e+08 0.424222
4.27774e+08 0.423006
4.28774e+08 0.421781
4.29774e+08 0.420547
4.30774e+08 0.419304
4.31774e+08 0.418053
4.32774e+08 0.416793
4.33774e+08 0.415523
4.34774e+08 0.414244
4.35774e+08 0.412956
4.36774e+08 0.411657
4.37774e+08 0.410349
4.38774e+08 0.409031
4.39774e+08 0.407702
4.40774e+08 0.406363
4.41774e+08 0.405014
4.42774e+08 0.403653
4.43774e+08 0.402282
4.44774e+08 0.400899
4.45774e+08 0.399505
4.46774e+08 0.398098
4.47774e+08 0.39668
4.48774e+08 0.39525
4.49774e+08 0.393807
4.50774e+08 0.392351
4.51774e+08 0.390883
4.52774e+08 0.3894
4.53774e+08 0.387905
4.54774e+08 0.386395
4.55774e+08 0.384871
4.56774e+08 0.383333
4.57774e+08 0.381779
4.58774e+08 0.38021
4.59774e+08 0.378626
4.60774e+08 0.377025
4.61774e+08 0.375409
4.62774e+08 0.373775
4.63774e+08 0.372124
4.64774e+08 0.370455
4.65774e+08 0.368768
4.66774e+08 0.367062
4.67774e+08 0.365338
4.68774e+08 0.363593
4.69774e+08 0.361828
4.70774e+08 0.360043
4.71774e+08 0.358236
4.72774e+08 0.356407
4.73774e+08 0.354555
4.74774e+08 0.35268
4.75774e+08 0.35078
4.76774e+08 0.348856
4.77774e+08 0.346906
4.78774e+08 0.34493
4.79774e+08 0.342926
4.80774e+08 0.340893
4.81774e+08 0.338832
4.82774e+08 0.33674
4.83774e+08 0.334616
